 Trip Return Stops  Distance    Cost Cumulative Cumulative 
                                       Distance       Cost 
    1      0     1    10.20    35.46      35.46      10.20 

    2      1     2    10.40    47.92      83.38      20.60 

    3      0     4    32.84   123.54     206.91      53.44 

    4      0     3    21.03    84.37     291.28      74.47 

    5      0     5    29.52   127.90     419.19     103.99 

   15      0     3    25.47    94.58    1453.59     365.91 

   25      1     3    23.86    90.87    2549.73     665.10 

   35      0     1    10.08    35.18    3454.62     902.01 

   45      0     4    32.49   122.73    4304.04    1130.45 

   55      0     4    32.04   121.69    5236.91    1379.53 

   65      0     2    10.03    47.07    6013.74    1581.62 

   75      1     3    27.04    98.18    6851.56    1815.46 

The longest trip was 51.39 km. 
The cheapest trip was 22.59$
