27
5 24 `
22 40 \
7 5 ,
3 33 .
16 16 .
17 22 -
15 31 \
5 11 '
12 20 -
2 32 \
11 16 _
11 18 _
6 36 :
3 14 '
15 28 _
4 5 ,
13 28 .
20 24 /
16 4 \
20 10 .
6 9 '
3 25 ,
2 25 "
9 19 -
7 16 '
2 28 '
12 12 '
16 9 ,
16 25 ,
18 35 .
18 4 \
20 9 -
18 27 ,
14 30 _
11 14 -
10 33 ,
15 29 |
13 10 /
3 16 ,
3 32 /
11 17 _
6 1 '
8 14 -
1 32 -
8 22 '
9 15 _
2 8 _
17 32 _
12 33 |
6 7 ,
3 13 ,
16 14 `
13 23 \
14 11 _
22 24 |
1 30 -
21 3 r
16 23 '
15 3 \
2 20 )
4 7 -
0 30 _
17 18 -
7 23 _
10 21 _
3 6 '
17 7 -
17 19 -
14 2 \
19 16 \
18 33 `
20 13 /
5 3 '
8 16 _
12 31 \
12 30 ,
17 8 '
4 18 -
17 16 "
15 24 /
21 24 |
3 26 -
21 2 r
21 0 -
23 40 /
5 36 :
17 20 ,
20 21 -
17 31 _
5 19 ,
10 2 /
4 2 ,
8 19 -
13 31 /
9 25 )
13 29 _
17 14 '
0 29 _
4 19 '
17 3 (
21 4 -
16 24 _
19 25 ,
7 18 ,
15 11 ,
6 20 -
19 12 `
8 18 `
11 31 \
13 30 _
23 9 '
5 0 ,
2 30 .
14 29 |
11 33 |
11 15 .
4 8 '
3 17 -
5 22 _
10 22 _
9 23 .
20 22 -
3 5 ,
24 39 '
2 15 _
8 15 .
10 19 `
9 14 _
20 38 \
2 7 _
6 0 ,
20 20 `
21 39 \
19 7 .
11 1 :
1 29 ,
2 35 .
19 14 /
9 17 )
17 23 '
2 10 -
2 21 _
17 6 ,
15 13 -
9 18 (
16 26 -
12 22 .
1 19 _
19 24 _
2 17 -
6 19 ,
9 33 ,
10 30 \
1 26 -
19 26 '
1 27 '
6 17 ,
4 4 _
9 16 _
18 30 '
4 12 |
1 28 "
1 31 =
4 3 '
5 20 -
12 21 -
19 6 -
20 8 `
2 24 (
9 34 '
5 2 ,
2 13 _
9 13 _
13 1 :
4 6 -
9 12 (
17 15 \
4 24 /
2 16 ,
18 15 /
11 32 /
12 11 ,
15 14 ,
1 25 ,
16 15 -
15 16 *
3 20 _
7 36 ;
5 1 '
4 22 _
22 10 /
19 13 -
3 4 _
11 13 ;
24 38 -
16 10 '
9 22 -
18 12 /
7 6 '
16 22 ,
21 1 h
1 24 _
7 14 ,
21 11 ,
5 21 '
11 28 /
8 21 -
2 19 _
4 23 )
17 13 ,
12 19 `
10 32 /
9 3 /
3 18 '
14 9 (
3 22 )
1 33 .
16 32 \
4 35 \
10 20 .
1 21 ,
6 8 -
2 9 ,
6 21 (
23 8 -
18 19 '
12 29 -
17 4 _
9 21 -
2 18 '
8 17 /
18 18 ,
12 1 |
5 10 ,
19 36 `
2 27 `
3 12 |
8 35 /
8 20 -
8 4 /
17 17 )
15 12 `
11 29 _
21 12 '
16 27 '
20 23 '
18 16 /
19 20 |
10 23 ,
17 33 \
24 24 |
7 15 -
2 26 "
14 10 _
3 9 _
18 29 -
1 22 _
15 30 ,
2 29 -
4 34 `
10 29 /
18 34 -
2 11 -
14 24 \
23 24 |
17 21 '
6 18 (
19 5 `
5 23 ,
9 20 -
17 5 \
8 13 ,
18 28 -
3 21 _
23 7 ,
1 23 _
3 10 _
10 12 (
11 30 _
2 31 _
18 20 |
2 34 `
19 17 '
20 11 _
19 37 .
3 35 |
24 6 /
