22
10 35 8
11 45 8
10 42 _
4 25 8
13 32 8
5 37 8
12 38 8
13 30 8
13 33 8
6 27 8
11 30 8
15 49 8
17 40 8
18 9 _
15 5 /
3 35 8
6 32 8
16 47 8
18 36 '
13 40 8
19 14 .
11 37 8
14 13 '
10 32 8
11 44 8
8 14 .
14 50 8
15 46 8
17 49 P
10 29 Y
12 43 8
13 15 |
6 25 8
14 15 .
5 22 8
10 38 b
20 20 `
13 29 d
17 38 Y
2 37 b
18 39 `
4 23 8
8 22 `
14 33 8
13 9 8
16 43 8
1 30 8
5 28 8
11 42 8
14 39 8
4 33 8
1 25 d
8 27 8
1 27 8
15 38 8
16 42 8
3 28 8
11 34 8
13 11 \
6 38 8
15 40 8
2 26 8
12 32 8
5 29 8
4 36 8
2 28 8
7 33 8
20 10 g
13 46 8
16 38 8
12 49 8
9 14 _
2 33 8
20 15 -
8 16 `
17 36 d
12 48 8
18 29 '
9 33 8
2 34 8
0 29 _
2 31 8
7 29 8
10 22 `
19 13 -
7 34 8
2 36 8
8 29 8
17 47 8
13 37 8
13 21 |
19 33 -
18 46 8
17 45 8
17 44 8
2 24 8
4 38 8
4 24 8
10 11 /
9 31 8
8 18 8
5 25 8
5 26 8
8 33 8
16 48 8
17 39 8
2 22 .
10 34 8
13 38 8
13 19 \
8 23 `
11 19 /
18 8 .
19 17 _
12 50 b
6 39 8
9 27 '
5 30 8
15 39 8
12 7 d
9 30 8
20 18 `
11 22 \
10 30 8
15 42 8
13 14 _
13 6 8
14 9 P
15 37 8
3 33 8
11 47 b
6 30 8
14 14 -
7 26 8
12 44 8
13 43 8
12 42 8
20 28 -
20 25 _
4 27 8
4 29 8
4 26 8
6 26 8
5 31 8
19 15 ,
12 39 d
8 35 8
14 36 8
3 24 8
16 31 _
11 33 8
9 34 8
8 36 P
13 7 8
16 49 8
14 38 8
5 23 8
20 24 _
19 26 -
19 12 '
11 11 |
18 42 8
13 31 8
18 48 `
15 44 8
20 21 `
3 38 b
7 19 d
11 38 8
2 27 8
19 32 .
10 33 8
6 23 Y
12 45 8
6 33 8
17 46 8
15 48 8
20 17 _
20 16 .
8 20 '
7 37 8
3 34 8
15 50 8
4 32 8
17 30 /
6 28 8
13 51 b
8 21 `
15 45 8
14 46 8
10 20 _
16 30 _
14 45 8
14 12 `
1 33 8
15 41 8
8 25 Y
8 31 8
2 38 .
13 50 8
12 11 |
14 8 8
1 36 .
2 23 d
15 27 `
9 13 '
0 28 _
8 26 8
11 31 8
10 45 _
13 41 8
11 41 8
14 49 8
5 34 8
14 30 8
20 27 .
2 32 8
8 28 8
5 35 8
14 7 Y
16 36 8
9 37 b
11 29 8
19 24 _
11 40 d
6 35 8
10 31 8
15 35 Y
16 41 8
17 48 8
1 35 o
2 25 8
18 41 8
6 31 8
7 32 8
18 43 8
14 48 8
12 40 8
7 30 8
6 37 8
3 22 8
18 45 8
1 32 8
4 30 8
4 34 8
11 36 8
7 18 o
12 30 8
11 39 .
5 24 8
8 34 8
3 29 8
12 8 8
18 28 .
20 29 -
10 36 8
10 14 _
1 31 8
3 25 8
9 21 _
11 13 /
7 28 8
3 30 8
1 29 8
16 45 8
6 24 8
14 34 8
8 19 P
19 23 _
13 39 8
18 35 .
20 11 s
11 43 8
17 6 \
7 23 8
5 32 8
7 27 8
14 6 .
7 21 8
13 45 8
17 32 `
16 44 8
3 23 8
19 16 _
3 37 8
14 28 d
9 35 8
2 29 8
3 26 8
11 48 .
10 44 _
14 37 8
17 41 8
13 10 _
6 36 8
12 29 8
12 41 8
13 20 _
6 29 8
13 8 8
12 46 8
5 27 8
17 42 8
13 35 8
14 41 8
12 37 8
13 49 8
16 46 8
4 35 8
7 22 8
4 22 8
15 34 `
13 36 8
12 9 b
18 44 8
3 31 8
19 34 '
9 32 8
9 36 8
7 35 8
17 50 '
13 34 8
12 31 8
14 40 8
1 26 8
12 15 /
11 8 _
7 20 8
14 29 8
8 37 '
5 36 8
3 36 8
12 47 8
13 16 /
12 21 /
4 28 8
7 25 8
3 27 8
19 11 "
8 32 8
9 18 `
7 17 ,
13 42 8
16 40 8
20 30 '
11 46 8
19 10 `
16 5 |
9 29 8
13 48 8
13 47 8
0 30 _
15 47 8
1 28 8
9 28 Y
8 17 Y
5 33 8
5 38 8
15 16 `
12 16 |
15 43 8
12 34 8
10 37 8
14 32 8
11 35 8
7 24 8
12 22 |
14 44 8
17 43 8
15 36 8
5 39 8
14 43 8
13 44 8
0 32 _
19 22 _
10 15 `
14 31 8
20 9 j
4 39 8
15 51 8
20 31 `
2 30 8
11 16 \
12 13 |
16 50 8
1 34 b
0 31 _
20 14 `
4 37 8
14 47 8
7 31 8
12 36 8
16 39 8
8 30 8
10 43 _
17 37 P
7 38 P
2 35 8
8 15 '
11 32 8
12 33 8
8 24 '
13 13 \
12 19 |
14 42 8
13 22 /
9 12 .
14 51 8
18 47 P
14 35 8
16 51 P
16 37 8
19 27 '
20 19 `
20 26 .
4 31 8
3 32 8
18 7 '
1 24 .
18 40 Y
12 35 8
19 25 .
7 36 8
6 34 8
