189
155 21 #
171 38 H
106 41 #
101 20 #
153 37 #
174 42 #
174 44 #
39 41 #
72 41 |
58 38 _
182 25 #
83 40 E
74 51 I
113 41 #
167 41 #
167 20 #
126 26 #
43 25 I
164 29 h
177 28 =
60 45 I
173 44 #
69 35 |
148 41 #
146 37 |
152 22 #
153 30 "
176 53 =
98 33 _
116 49 _
51 24 [
28 42 |
148 36 #
68 38 #
157 43 #
142 20 |
59 40 #
147 35 |
94 17 |
111 50 -
66 30 #
186 29 p
181 21 #
76 19 |
72 19 I
102 22 #
62 35 |
172 47 #
131 19 |
72 46 |
171 22 #
32 28 -
58 26 _
28 35 |
156 51 |
116 22 #
138 41 |
40 26 #
114 37 #
77 36 -
11 36 '
52 32 #
152 21 #
73 21 |
156 22 #
169 24 |
35 31 _
96 43 _
62 26 #
96 45 |
145 36 |
43 37 |
74 25 |
99 28 #
116 51 |
81 40 I
118 51 |
145 38 H
149 41 #
180 20 d
175 39 #
144 26 |
179 33 #
184 27 "
98 26 _
60 27 #
141 41 |
143 50 |
43 40 |
60 28 #
40 42 #
140 20 |
136 27 _
96 40 _
175 47 #
94 51 |
74 31 |
144 44 |
146 42 |
96 20 _
159 32 /
126 32 "
16 40 \
159 39 #
149 37 #
42 34 |
144 25 |
48 32 '
154 24 #
20 41 A
80 19 |
180 41 #
37 37 _
142 31 |
41 26 #
103 18 \
11 37 ]
100 34 #
35 44 |
178 43 =
19 39 _
146 38 H
109 41 #
101 42 #
64 30 #
97 52 \
97 19 |
74 20 |
127 26 "
130 38 H
71 48 #
39 25 |
174 54 _
180 32 #
61 29 |
15 37 |
139 46 |
100 22 #
103 26 -
38 38 ]
27 42 |
162 31 h
69 37 #
73 34 |
123 19 |
183 28 #
168 45 #
112 42 #
151 23 #
22 34 _
112 25 |
45 45 |
187 37 2
99 48 #
98 44 _
143 40 |
141 19 I
128 35 "
138 20 |
8 34 /
177 52 =
18 40 |
145 40 |
77 31 -
176 52 =
136 34 _
71 38 #
177 40 |
40 38 #
71 23 _
176 51 =
98 28 _
103 40 #
176 35 |
59 28 #
67 38 #
19 29 V
145 48 |
104 36 #
180 43 #
25 29 |
41 25 |
176 32 _
64 25 #
38 42 H
109 37 #
13 37 \
65 34 #
168 44 |
108 37 #
37 26 _
162 36 #
169 39 #
153 43 #
125 33 "
183 46 #
152 44 #
115 45 |
176 25 _
100 41 #
116 45 |
158 35 |
146 29 |
88 40 T
177 50 |
71 30 _
104 51 |
168 23 #
75 48 |
107 43 #
50 31 h
177 18 =
164 44 #
67 47 #
21 36 _
98 41 _
35 36 _
158 25 |
166 35 |
169 51 |
75 49 |
104 43 #
177 37 #
109 40 #
98 19 |
114 20 #
68 47 #
139 40 |
165 41 p
60 39 #
116 38 H
165 20 #
65 22 /
41 31 _
127 38 H
90 19 |
160 51 |
154 36 #
66 22 #
67 40 #
103 35 |
155 38 H
165 23 #
62 31 #
138 32 |
184 41 "
143 41 |
187 40 0
156 20 #
113 39 #
77 27 -
74 36 |
16 33 _
180 47 #
93 47 |
73 30 |
143 39 |
186 31 l
106 22 #
103 27 -
136 42 _
75 31 |
9 35 V
173 21 -
114 44 #
70 43 #
74 19 I
157 40 #
163 35 |
122 19 |
111 47 -
102 20 #
125 27 #
48 45 |
59 26 #
146 44 |
169 26 |
105 21 #
139 39 |
166 36 #
72 32 |
59 29 #
157 31 #
103 22 #
176 49 |
170 38 H
176 13 =
147 42 #
162 44 #
99 20 #
80 51 |
183 23 #
184 40 "
110 52 ]
175 17 [
116 48 _
111 19 |
175 50 =
58 34 .
160 23 #
171 43 |
129 51 |
103 52 ]
162 23 #
163 22 #
101 41 #
138 33 |
178 38 \
16 36 _
67 37 #
71 28 _
56 45 |
141 36 |
162 21 #
116 37 #
140 30 |
40 40 #
58 27 _
159 20 #
41 43 m
58 25 |
103 51 |
146 22 |
105 36 #
158 51 |
155 41 #
98 27 _
170 51 |
110 23 #
109 18 [
158 19 |
103 20 #
184 22 "
66 35 |
140 37 |
96 24 _
35 37 _
140 38 H
142 21 |
138 24 |
50 25 |
110 26 |
160 22 #
145 21 |
73 45 |
58 44 _
125 26 #
98 37 _
139 29 |
106 51 [
82 40 T
145 41 |
64 34 #
77 51 |
38 24 /
73 41 |
35 30 .
106 44 #
160 19 |
165 39 #
181 46 #
111 40 #
20 40 |
179 28 #
105 22 #
105 40 #
75 50 |
166 22 #
60 40 #
99 37 #
57 45 |
97 17 |
105 43 #
145 50 |
61 37 #
159 22 #
94 45 |
14 34 /
146 28 |
179 41 /
20 30 |
170 40 #
164 22 #
104 38 #
150 51 |
183 49 #
80 21 [
166 51 |
115 41 #
103 41 #
107 39 #
63 35 |
181 28 #
99 39 #
158 45 |
128 26 "
142 23 |
182 37 #
178 50 !
23 32 #
107 51 [
39 43 #
19 38 _
116 44 #
89 40 A
184 28 "
187 31 )
43 27 |
66 23 #
126 28 #
58 33 _
6 35 M
90 21 [
66 48 |
75 28 |
42 24 [
109 46 |
156 21 #
111 45 |
176 38 H
144 49 |
73 42 |
160 44 #
138 39 |
23 40 |
16 35 _
101 28 "
176 29 |
156 35 |
71 50 #
108 52 ]
42 37 |
144 20 |
151 36 #
77 42 -
47 45 |
77 38 -
103 32 -
53 25 |
106 37 #
112 51 |
164 51 |
183 43 #
98 47 |
144 46 |
176 40 #
180 30 V
145 19 I
69 48 #
75 24 |
163 39 #
74 50 |
171 21 #
177 22 =
62 33 #
63 28 #
38 39 [
67 44 #
86 51 |
178 28 =
98 32 _
180 49 #
169 46 |
120 19 |
75 38 |
178 21 =
37 43 _
22 39 =
54 25 |
37 44 _
108 44 #
156 23 #
176 58 |
51 33 #
112 36 #
183 27 #
164 31 d
140 51 I
168 42 #
46 44 H
19 40 |
64 33 #
149 24 #
157 35 |
159 21 #
145 32 |
68 39 #
173 50 _
177 38 H
99 23 |
71 46 #
139 20 |
164 20 #
159 28 \
69 38 #
181 43 #
159 25 |
158 28 .
72 44 |
57 44 "
77 28 -
74 44 |
184 46 "
27 28 |
142 48 |
61 32 |
98 31 _
32 36 -
109 35 |
34 35 |
59 36 ]
109 43 #
116 28 _
20 33 |
40 39 #
170 36 #
103 37 #
39 39 [
100 17 |
167 36 #
142 47 |
101 26 "
175 46 #
165 35 [
71 21 _
107 44 #
143 29 |
181 40 H
74 41 |
138 19 I
183 26 #
44 25 |
98 48 _
108 46 |
52 31 #
158 43 #
162 40 #
71 22 _
156 38 H
172 38 H
147 22 #
79 40 U
49 25 |
42 41 |
152 20 #
31 35 |
178 27 =
73 26 |
158 37 #
96 42 _
139 34 |
161 19 |
138 27 |
161 39 #
125 25 #
16 31 _
37 40 _
49 32 #
104 23 #
116 42 #
182 27 #
178 30 !
172 28 |
103 21 #
72 30 |
47 33 F
155 40 #
73 25 |
152 50 m
96 36 _
155 43 #
163 45 |
144 37 |
127 34 "
152 45 |
167 39 #
125 28 #
55 33 h
158 23 #
49 30 d
142 19 I
80 40 N
169 40 #
183 51 |
37 45 |
172 39 #
32 41 -
182 26 #
32 43 |
149 22 #
92 24 /
146 24 |
177 14 =
145 27 |
147 43 #
154 40 #
156 45 |
114 25 |
108 38 #
38 37 H
181 44 #
47 31 h
175 52 [
29 42 |
180 24 #
72 51 I
62 28 #
140 43 |
100 26 #
182 31 H
150 35 |
17 32 _
94 19 |
86 19 |
150 28 H
73 43 |
149 44 #
37 28 _
75 36 |
75 46 |
143 28 |
141 26 |
96 44 _
150 45 |
73 29 |
114 51 |
136 40 _
144 41 |
112 40 #
61 33 |
99 44 #
161 37 #
102 21 #
127 29 "
74 45 |
183 19 |
161 24 #
100 51 |
140 39 |
9 34 [
159 35 |
162 24 #
152 41 #
135 38 H
92 51 |
70 39 #
106 42 #
172 44 #
47 32 d
55 24 [
54 31 d
155 23 #
74 42 |
133 38 H
111 41 #
157 51 |
116 30 _
181 25 #
105 23 #
148 45 |
175 13 _
165 51 |
167 45 A
63 34 #
42 31 |
139 48 |
60 32 #
73 20 |
144 28 |
101 43 #
75 42 |
152 32 F
162 39 #
59 45 I
111 51 |
21 33 |
108 26 |
152 29 h
174 48 #
113 22 #
145 28 |
144 32 |
71 36 #
174 39 #
164 35 |
37 30 _
174 20 =
163 24 #
74 39 |
157 22 #
104 44 #
72 22 |
177 46 =
30 43 |
17 34 =
59 41 #
65 35 |
72 34 |
98 25 |
183 30 #
186 36 a
157 23 #
74 33 |
75 32 |
143 38 H
149 25 |
145 25 |
58 40 _
97 51 |
149 40 #
176 34 _
157 41 #
167 51 |
65 25 #
70 48 #
180 50 h
182 20 #
53 24 [
114 45 |
170 22 #
94 25 |
111 22 #
114 40 #
101 25 |
155 29 #
136 22 _
73 31 |
75 21 |
142 35 |
121 51 |
158 38 H
89 19 |
160 39 #
75 44 |
134 19 |
140 32 |
38 36 H
155 51 |
146 31 |
153 44 #
73 47 |
99 35 #
115 19 |
160 25 |
101 38 #
92 45 |
17 30 |
115 21 #
176 12 |
177 47 =
104 45 |
60 38 #
61 25 I
99 27 #
175 51 =
17 37 =
99 49 #
172 46 #
125 29 "
60 41 #
110 21 #
146 33 |
183 20 #
40 28 |
60 25 I
151 43 #
182 21 #
151 37 #
43 43 |
163 37 #
98 23 |
166 38 H
113 25 |
144 33 |
96 51 |
164 42 #
59 34 [
179 39 \
151 38 H
110 43 #
99 31 #
72 45 |
50 44 #
139 23 |
74 38 |
99 47 |
61 45 I
19 35 V
58 24 [
101 34 "
179 44 #
96 21 _
64 35 |
183 33 "
41 38 #
107 35 |
101 37 #
151 19 |
75 41 |
141 51 I
166 45 |
100 19 |
113 20 #
77 39 -
174 53 -
164 30 m
103 42 #
144 35 |
158 36 #
103 25 |
115 36 #
71 42 #
159 51 |
98 50 _
146 45 |
110 39 #
100 32 #
176 56 =
98 34 _
75 23 |
187 34 p
179 45 #
159 31 #
177 20 |
99 19 |
177 19 =
111 29 -
108 39 #
35 32 _
147 39 #
178 46 =
176 55 =
77 32 -
52 24 [
109 26 |
141 35 |
101 27 "
112 22 #
105 37 #
150 49 H
152 39 #
169 20 #
65 29 #
152 49 V
99 51 |
178 26 =
59 38 #
67 49 \
106 24 #
111 26 -
113 37 #
35 40 .
107 24 #
41 30 _
116 39 #
87 21 {
25 35 |
154 39 #
116 19 |
106 52 \
169 44 |
72 47 |
139 32 |
40 44 #
142 39 |
42 35 |
40 45 I
41 40 #
159 37 #
65 23 #
125 35 "
49 33 b
177 29 =
179 24 #
149 49 H
64 29 #
73 46 |
156 39 #
144 50 |
111 48 -
116 34 _
159 49 \
178 23 =
138 46 |
126 33 "
184 30 "
145 45 |
46 24 [
140 49 |
158 22 #
182 51 |
181 47 #
146 27 |
183 29 #
182 50 #
155 50 #
181 26 #
139 25 |
164 37 #
105 35 |
154 38 H
65 27 #
125 51 |
93 51 |
176 33 _
168 37 #
55 45 |
159 45 |
154 42 #
16 38 _
180 21 #
104 40 #
74 47 |
136 36 _
172 20 #
93 17 |
146 36 |
179 47 #
177 23 =
21 35 _
136 21 _
167 38 H
127 25 "
178 20 !
157 24 #
133 51 |
145 30 |
180 23 #
9 36 ]
96 22 _
99 43 #
84 40 D
111 28 -
62 46 |
69 46 #
108 20 #
101 39 #
114 19 |
35 28 _
126 38 H
112 44 #
18 33 |
145 31 |
36 45 |
0 35 A
61 38 #
12 36 \
165 21 #
61 24 [
138 34 |
182 33 #
140 46 |
146 48 |
72 43 |
152 31 d
64 26 #
69 44 #
170 45 #
174 46 #
61 43 |
97 47 |
157 20 #
73 51 I
150 39 #
136 38 H
164 32 H
20 29 A
101 48 "
105 38 #
158 49 .
178 45 =
141 43 |
168 21 #
108 43 #
37 29 _
116 43 #
71 45 #
127 28 "
29 28 |
102 41 #
103 33 -
105 51 |
136 46 _
163 28 d
100 48 #
51 31 "
174 29 |
20 36 '
23 34 #
105 20 #
143 20 |
63 29 #
27 35 |
48 31 `
70 36 #
119 51 |
138 30 |
73 28 |
168 19 |
175 19 =
166 24 #
102 45 |
167 40 #
72 29 |
140 23 |
40 36 #
162 29 d
59 24 [
156 36 #
176 15 =
40 43 #
99 34 #
147 44 #
29 35 |
14 32 /
183 45 #
122 38 H
178 33 #
150 42 #
42 27 |
171 44 #
111 30 -
174 40 #
42 30 |
109 20 #
152 19 |
139 42 |
63 23 /
172 51 |
71 26 _
97 25 |
154 20 #
101 22 #
114 24 #
176 20 =
148 44 #
104 25 |
58 45 |
168 51 |
75 47 |
143 23 |
46 33 H
114 41 #
8 35 M
168 38 H
103 19 |
139 24 |
155 25 |
184 20 "
161 41 #
174 21 |
110 46 |
144 47 |
149 32 H
39 37 #
139 22 |
153 50 "
59 27 #
69 47 #
146 34 |
132 38 H
116 36 #
145 34 |
151 41 #
111 49 -
158 42 #
153 41 #
175 42 #
151 42 #
114 22 #
96 17 |
91 21 [
160 41 #
101 31 "
112 38 #
167 22 #
126 34 "
161 20 #
163 23 #
98 43 _
101 30 "
16 39 _
144 29 |
171 40 #
72 27 |
111 42 #
4 35 M
100 45 |
35 42 _
110 40 #
151 21 #
181 36 #
112 20 #
162 19 |
42 36 |
177 48 =
72 48 |
30 35 |
42 44 |
128 38 H
71 19 /
157 21 #
99 21 #
23 30 |
65 26 #
178 24 =
119 38 H
158 32 #
151 51 |
176 19 =
171 27 |
175 57 _
136 37 _
173 37 #
75 51 I
93 19 |
43 32 |
182 42 #
173 46 #
59 32 #
71 24 _
178 22 =
139 33 |
167 35 |
88 51 |
139 49 |
183 39 |
140 31 |
177 54 =
167 23 #
141 22 |
96 28 _
77 26 -
57 24 [
65 48 \
71 20 _
43 45 I
168 46 |
141 30 |
104 42 #
52 30 \
180 46 #
144 38 H
70 49 #
116 27 _
106 26 |
104 24 #
99 25 |
39 24 [
180 44 #
55 25 |
159 44 #
159 38 H
175 56 -
19 33 |
96 26 _
35 38 _
69 42 #
150 41 #
75 43 |
66 33 #
175 21 |
12 37 ]
77 50 -
139 41 |
181 20 H
142 45 |
108 42 #
99 36 #
65 30 #
82 51 |
111 23 #
163 41 #
181 50 H
115 38 H
168 20 #
153 31 '
181 34 #
77 41 -
144 34 |
20 35 A
143 48 |
141 46 |
159 29 #
73 35 |
106 46 |
160 40 #
112 43 #
49 45 |
106 18 /
177 36 #
184 45 "
159 36 #
99 50 #
169 36 #
106 43 #
141 45 |
145 35 |
38 43 H
136 33 _
96 35 _
157 32 \
174 36 #
141 34 |
103 36 #
111 35 |
142 34 |
104 22 #
128 34 "
156 44 #
73 27 |
97 45 |
121 38 H
177 42 =
1 35 M
67 48 #
64 31 #
143 43 |
109 24 #
154 51 |
142 38 H
51 32 "
92 25 |
77 21 -
146 49 |
161 43 #
146 19 I
154 25 |
144 48 |
182 48 #
157 45 |
183 24 #
71 25 _
179 48 #
72 50 |
184 25 "
74 40 |
164 28 H
146 26 |
62 24 [
175 29 |
114 39 #
71 31 _
101 51 |
139 47 |
124 38 H
176 18 =
164 41 #
103 34 -
170 44 #
73 19 I
58 42 _
35 41 _
54 44 d
174 19 =
113 43 #
38 40 H
61 40 #
141 42 |
110 41 #
70 50 #
140 28 |
140 45 |
142 43 |
100 52 ]
139 28 |
101 33 "
106 39 #
147 38 H
84 51 |
161 23 #
116 26 _
177 45 =
111 38 #
41 39 #
181 24 #
17 39 =
142 50 |
72 38 |
96 38 _
173 43 #
143 31 |
150 32 H
175 40 #
74 43 |
169 45 #
168 40 #
155 36 #
61 44 |
145 24 |
99 22 #
116 47 _
183 34 "
96 33 _
114 21 #
138 50 |
110 35 |
16 30 /
141 31 |
60 35 .
161 44 #
141 28 |
74 26 |
100 20 #
96 48 _
99 33 #
20 39 =
167 19 |
134 38 H
142 24 |
61 30 |
136 44 _
152 24 #
168 24 |
165 36 %
141 27 |
32 32 -
25 41 |
140 42 |
97 23 |
164 40 #
102 37 #
65 31 #
96 50 _
170 46 #
182 40 #
37 35 _
96 49 _
125 32 "
177 27 =
96 31 _
60 43 #
49 24 [
143 24 |
182 43 #
68 37 #
146 30 |
110 19 ]
116 24 #
136 45 _
180 27 #
136 20 _
148 25 |
41 32 _
59 33 #
181 23 #
155 20 #
147 24 #
71 29 _
116 50 _
70 44 #
37 33 _
75 45 |
126 31 "
113 51 |
17 38 _
147 23 #
184 48 "
164 24 #
148 40 #
60 44 #
183 41 #
63 26 #
162 20 #
145 23 |
147 20 #
115 37 #
38 45 I
140 50 |
16 34 _
77 48 -
45 24 [
103 45 |
63 30 #
151 49 H
165 37 ]
19 34 .
161 38 H
96 23 |
136 24 _
177 13 =
116 31 _
42 42 |
112 39 #
162 38 H
149 28 H
161 36 #
123 51 |
144 43 |
102 42 #
149 35 |
77 20 -
157 50 #
142 36 |
38 35 |
173 36 #
111 43 #
43 34 |
59 42 #
149 45 |
140 47 |
125 31 "
104 41 #
141 50 |
181 37 #
48 25 |
176 43 #
136 25 _
74 27 |
176 14 =
177 31 _
33 26 |
111 39 #
77 37 -
145 39 |
61 26 #
51 25 |
31 27 |
116 21 #
182 46 #
100 39 #
156 32 '
105 24 #
73 23 |
150 25 |
144 51 I
115 25 |
75 19 I
74 46 |
150 40 #
128 32 "
77 30 -
164 49 H
162 41 #
174 45 #
17 31 =
168 39 #
60 37 #
148 51 |
158 40 #
154 44 #
46 25 |
168 41 #
63 31 #
84 21 }
183 44 #
61 39 #
173 47 #
111 31 -
104 19 |
164 43 #
186 32 l
176 50 =
63 47 \
144 40 |
69 43 #
115 23 #
70 35 |
141 32 |
37 25 |
22 32 _
171 39 #
140 21 |
152 37 #
180 34 #
47 44 V
143 36 |
41 42 #
60 26 #
182 49 #
96 41 _
180 39 #
68 45 #
142 41 |
101 49 "
61 27 #
160 42 #
60 36 ]
156 24 #
136 32 _
128 29 "
109 39 #
73 22 |
58 32 _
162 45 |
82 19 |
72 28 |
112 24 #
140 44 |
136 48 _
35 29 _
54 24 [
177 44 =
144 42 |
176 30 _
157 42 #
166 20 #
102 36 #
109 23 #
107 26 |
173 51 |
142 49 |
115 44 #
103 50 -
152 43 #
120 38 H
32 37 -
184 24 "
147 51 |
183 32 "
132 19 |
69 50 \
175 35 |
103 28 -
42 25 I
104 21 #
70 38 #
104 39 #
108 23 #
92 40 S
78 19 |
72 23 |
176 26 _
71 37 #
172 40 #
103 30 -
144 19 I
158 20 #
178 41 =
176 44 #
172 48 |
177 33 _
74 32 |
175 41 |
176 24 _
187 39 0
12 34 /
182 29 #
176 16 =
99 40 #
139 19 I
106 38 #
71 34 _
87 40 S
147 37 #
75 34 |
50 32 n
103 48 -
138 43 |
100 28 #
95 45 |
170 21 #
73 36 |
93 45 |
114 42 #
102 44 #
180 38 #
147 40 #
102 23 |
61 34 [
175 49 |
71 32 _
160 43 #
111 20 #
176 21 |
39 36 #
170 23 |
176 42 #
148 21 #
144 45 |
170 20 #
157 44 #
163 19 |
100 33 #
71 33 _
70 47 #
183 21 #
175 16 =
108 22 #
174 38 H
5 35 M
144 30 |
84 19 |
98 52 ]
114 36 #
99 29 #
184 44 "
159 19 |
173 49 -
60 33 #
133 19 |
45 33 H
173 48 |
50 24 [
166 21 #
106 35 |
178 34 #
89 51 |
179 29 \
39 26 #
113 44 #
74 35 |
37 31 _
108 18 [
48 24 [
135 19 |
75 39 |
155 35 |
142 32 |
111 25 |
38 44 H
77 22 -
152 42 #
130 19 |
150 23 #
44 24 [
139 37 |
175 36 #
22 33 |
148 43 #
102 25 |
12 35 "
122 51 |
42 29 |
115 20 #
171 37 #
143 42 |
19 36 .
165 38 H
83 19 |
15 35 O
112 23 #
11 34 ,
172 21 #
153 19 |
116 23 #
70 37 #
138 23 |
177 30 |
150 22 #
181 29 #
72 33 |
164 19 |
164 50 m
42 38 |
146 35 |
183 35 "
180 26 #
169 35 |
155 37 #
148 39 #
73 49 |
169 22 #
35 35 |
175 18 ]
109 21 #
64 47 |
139 43 |
17 36 =
42 40 |
104 20 #
170 43 |
22 31 _
74 24 |
147 25 |
178 25 =
140 27 |
55 30 d
140 24 |
165 42 x
102 39 #
113 23 #
41 41 #
118 19 |
101 50 "
37 41 _
69 41 #
128 28 "
49 44 d
155 42 #
139 50 |
100 44 #
176 45 #
68 35 |
67 21 /
75 33 |
175 54 =
170 27 |
18 37 |
65 28 #
177 25 =
68 44 #
157 49 \
73 37 |
166 23 #
44 45 |
110 18 [
113 24 #
160 35 |
58 39 _
178 29 =
42 45 I
175 53 ]
74 48 |
35 26 |
56 25 |
162 42 #
134 51 |
145 37 |
138 40 |
107 18 [
96 29 _
150 37 #
77 19 |
165 43 #
43 28 |
111 21 #
150 19 |
163 43 #
73 39 |
102 35 |
129 38 H
74 21 |
163 31 q
99 17 |
177 26 =
53 45 |
113 36 #
186 37 t
111 27 -
146 39 |
60 24 [
75 20 |
161 22 #
72 26 |
175 44 #
182 35 #
103 38 #
126 27 #
101 47 |
115 39 #
32 35 |
174 37 #
40 41 #
37 38 _
162 22 #
141 29 |
77 49 -
115 24 #
77 46 -
148 38 H
157 39 #
99 32 #
156 41 #
24 34 o
175 20 =
169 43 #
166 42 #
181 22 #
114 23 #
100 42 #
101 32 "
101 29 "
85 19 |
176 48 #
131 38 H
69 39 #
147 45 |
110 22 #
144 24 |
143 22 |
160 21 #
42 43 |
113 45 |
12 33 [
178 42 =
146 41 |
173 35 |
178 48 =
163 36 #
103 49 -
177 35 |
100 47 |
30 27 |
112 19 |
163 50 F
153 21 #
110 38 #
139 44 |
51 45 |
147 19 |
162 50 H
43 44 |
159 24 #
52 45 |
172 37 #
103 31 -
81 51 |
140 26 |
112 41 #
177 53 =
32 29 -
163 21 #
59 25 I
147 36 #
32 27 |
146 21 |
39 27 #
14 38 \
151 40 #
107 21 #
32 34 -
173 40 #
170 19 |
69 45 #
45 25 |
174 35 |
39 38 ]
161 35 |
98 38 _
87 51 |
180 35 #
127 33 "
32 30 -
47 25 |
101 21 #
155 30 #
110 24 #
55 32 \
15 36 _
117 19 |
156 40 #
127 31 "
148 20 #
177 41 =
139 51 I
92 21 {
10 35 A
146 25 |
143 33 |
100 31 #
176 23 _
179 38 #
156 49 #
109 52 ]
105 44 #
136 47 _
66 24 #
143 45 |
148 22 #
153 23 #
47 24 [
156 43 #
59 43 #
40 24 [
111 32 -
161 25 |
75 26 |
146 50 |
177 57 =
76 51 |
62 44 n
184 23 "
63 27 #
126 35 "
137 19 |
157 25 |
23 36 #
162 43 #
142 51 I
155 32 \
102 43 #
63 25 #
101 17 |
170 39 #
95 47 |
65 24 #
114 35 |
151 28 H
174 16 _
143 26 |
62 30 I
103 39 #
100 50 #
70 45 #
154 19 |
60 42 #
162 35 |
155 39 #
175 37 #
98 29 _
181 31 #
105 19 |
182 47 #
180 29 #
180 37 #
168 26 |
164 21 #
166 39 #
144 22 |
170 42 #
177 12 !
172 35 |
61 41 |
152 35 |
159 42 #
123 38 H
143 21 |
22 37 |
177 32 _
96 39 _
108 24 #
107 38 #
177 58 !
140 34 |
165 49 H
32 40 -
186 35 S
152 25 |
56 31 "
126 30 "
176 36 #
73 50 |
181 42 #
142 26 |
138 21 |
137 38 H
77 47 -
64 32 #
140 25 |
172 22 |
87 19 |
164 39 #
141 39 |
142 44 |
138 42 |
177 51 =
182 23 #
179 22 #
63 24 #
146 47 |
151 35 |
163 25 |
143 37 |
67 46 #
83 51 |
148 37 #
111 24 #
52 25 |
177 39 #
181 41 #
111 44 #
170 47 |
145 22 |
72 39 |
171 23 |
177 15 =
153 20 #
96 34 _
125 34 "
100 25 |
141 44 |
57 33 "
15 31 /
173 39 #
180 22 #
21 32 _
164 23 #
69 20 /
180 31 #
183 42 #
165 45 |
159 40 #
56 33 H
154 43 #
155 22 #
165 24 #
179 42 #
170 37 #
179 26 #
155 45 |
179 46 #
138 26 |
15 39 \
151 44 #
71 39 #
100 35 #
115 51 |
162 51 |
68 21 |
183 31 |
70 42 #
158 41 #
65 32 #
183 47 #
144 23 |
115 43 #
156 37 #
16 32 _
121 19 |
167 37 #
71 49 #
43 31 |
143 25 |
147 21 #
113 42 #
145 51 I
139 21 |
37 36 _
163 32 L
116 25 |
32 38 -
108 19 ]
117 51 |
41 29 _
93 25 |
138 25 |
166 37 #
115 22 #
43 42 |
160 45 |
145 20 |
139 38 H
128 19 |
95 19 |
174 17 -
73 24 |
107 23 #
141 49 |
178 40 !
181 49 #
179 34 #
57 30 "
22 36 _
166 41 #
160 37 #
139 27 |
39 28 |
142 30 |
182 39 H
141 23 |
59 39 #
171 20 #
32 33 -
186 39 r
96 46 _
142 46 |
179 36 #
136 41 _
95 25 |
180 40 V
100 29 #
100 30 #
136 30 _
98 39 _
115 42 #
187 30 c
115 35 |
58 30 _
54 32 h
142 25 |
66 29 #
179 37 #
98 49 _
41 27 #
160 38 H
130 51 |
61 42 |
77 43 -
143 32 |
173 42 |
143 44 |
96 47 |
62 29 I
144 36 |
100 27 #
156 28 #
178 36 #
43 36 |
159 23 #
120 51 |
157 28 \
141 47 |
149 51 |
181 38 #
22 35 _
51 44 }
171 51 |
128 27 "
69 40 #
163 29 F
138 35 |
113 35 |
159 30 #
169 37 #
70 46 #
72 20 |
100 37 #
77 24 -
22 30 |
183 22 #
43 26 |
26 41 |
154 23 #
99 52 ]
39 35 |
96 25 |
100 21 #
59 37 #
116 41 #
56 24 [
16 37 |
11 33 [
184 43 "
159 41 #
138 47 |
72 37 |
155 31 #
145 47 |
50 45 |
155 44 #
57 25 |
179 35 #
138 22 |
107 19 ]
43 35 |
41 24 [
149 23 #
107 41 #
152 36 #
184 21 "
163 20 #
165 22 #
105 41 #
163 42 #
176 39 #
38 27 H
166 43 #
145 26 |
39 44 #
56 32 "
60 30 ]
106 20 #
128 33 "
39 42 #
149 20 #
59 44 #
154 37 #
103 29 -
110 51 [
108 35 |
128 30 "
176 47 #
157 38 H
181 48 #
127 35 "
168 35 |
141 37 |
9 37 '
70 41 #
75 40 |
129 19 |
170 41 #
179 21 /
77 44 -
169 41 #
127 51 |
116 40 #
72 49 |
64 23 #
153 42 #
176 28 _
149 43 #
146 46 |
45 44 H
38 41 H
94 47 |
43 39 |
186 42 V
108 41 #
153 39 #
155 24 #
41 34 _
21 38 =
181 32 #
126 29 "
153 29 `
184 47 "
176 41 |
153 38 H
64 28 #
67 36 #
101 23 |
110 37 #
38 25 |
153 24 #
96 32 _
145 33 |
106 40 #
177 21 =
14 36 |
104 52 /
176 22 _
135 51 |
176 46 #
153 22 #
179 31 /
37 34 _
145 44 |
176 17 =
150 43 #
157 36 #
34 26 |
142 29 |
9 33 '
116 29 _
161 21 #
181 33 #
181 45 #
154 21 #
183 48 #
81 21 !
184 49 "
67 39 #
111 36 #
23 38 #
182 38 #
165 32 H
155 28 /
72 31 |
176 37 #
162 30 A
145 29 |
139 26 |
171 47 |
138 36 |
174 47 #
162 25 |
180 28 #
70 40 #
115 40 #
153 40 #
56 30 H
23 35 |
96 18 _
182 44 #
145 49 |
146 51 I
176 31 _
125 38 H
74 29 |
63 32 #
181 27 #
68 42 #
160 20 #
40 25 |
140 40 |
136 31 _
163 40 #
104 37 #
174 52 "
42 39 |
177 55 =
61 35 _
32 39 -
179 25 #
75 27 |
58 35 ^
159 43 #
90 40 T
17 33 =
60 29 [
41 28 |
74 49 |
99 26 #
114 43 #
138 51 I
156 19 |
24 29 |
74 22 |
187 29 (
178 32 /
138 44 |
7 35 M
183 37 "
77 34 -
40 35 |
91 19 |
127 32 "
113 19 |
165 19 |
35 33 _
186 30 o
100 40 #
107 37 #
162 37 #
42 33 |
180 25 #
110 42 #
158 24 #
119 19 |
142 27 |
98 22 _
71 40 #
179 27 #
113 40 #
102 38 #
139 45 |
161 42 #
148 23 #
161 51 [
43 38 |
66 26 #
40 37 #
94 23 |
103 43 #
143 46 |
42 26 |
163 44 #
96 27 _
105 45 |
154 22 #
171 41 #
155 19 |
137 51 |
173 19 |
98 45 |
173 45 #
111 37 #
68 40 #
99 45 |
158 21 #
157 37 #
187 35 x
163 49 d
153 36 #
63 45 "
112 35 |
138 49 |
98 21 _
78 51 |
37 27 _
3 35 M
58 37 _
173 22 |
144 27 |
141 48 |
13 33 /
101 36 #
150 24 #
59 30 #
20 37 |
72 36 |
40 27 #
170 35 |
124 51 |
181 35 #
71 41 #
167 42 #
144 21 |
92 46 \
68 41 #
70 20 |
74 28 |
151 32 H
61 28 #
126 25 #
77 35 -
31 43 |
18 30 |
143 47 |
181 39 #
181 30 H
179 32 #
175 55 "
96 30 _
149 39 #
108 21 #
73 32 |
42 28 |
100 43 #
177 17 =
72 42 |
125 19 |
109 19 ]
175 43 #
167 43 #
98 35 _
165 40 a
142 37 |
187 38 0
177 24 =
176 54 =
183 50 #
102 51 |
107 40 #
117 38 H
153 35 |
107 22 #
43 33 |
98 20 _
55 31 /
174 50 =
99 38 #
52 44 V
141 20 |
184 42 "
173 28 |
109 44 #
98 36 _
167 21 #
160 24 #
142 40 |
138 29 |
177 16 =
50 30 #
60 34 [
167 25 A
178 35 #
160 36 #
182 32 #
172 19 |
138 28 |
74 30 |
184 29 "
95 23 |
169 42 #
88 19 |
169 38 H
17 40 |
143 27 |
171 36 #
136 43 _
145 46 |
67 35 |
22 40 |
164 45 |
168 36 #
23 37 #
46 45 |
71 44 #
49 31 #
116 35 |
72 35 |
46 30 H
174 49 |
75 29 |
102 40 #
163 38 H
83 21 [
125 30 "
171 42 #
171 45 #
38 26 H
56 44 H
152 30 _
140 29 |
140 19 I
75 22 |
146 23 |
100 38 #
10 34 [
73 48 |
41 35 |
148 42 #
161 45 |
89 21 :
142 33 |
186 28 A
124 19 |
159 50 #
19 37 |
62 34 #
35 39 _
164 38 H
154 35 |
33 35 |
90 51 |
180 45 #
116 32 _
103 46 /
128 51 |
73 44 |
142 28 |
151 39 #
62 27 #
75 25 |
128 31 "
77 33 -
175 38 H
141 24 |
169 19 |
66 31 #
91 40 E
74 34 |
145 42 |
166 25 |
116 20 #
73 40 |
41 44 #
55 44 d
139 31 |
67 41 #
161 40 #
169 23 #
161 30 H
88 21 [
175 14 -
107 46 |
126 51 |
37 39 _
105 25 |
136 50 _
168 22 #
138 48 |
136 28 _
152 28 \
174 51 =
61 36 ]
81 19 |
10 36 ]
66 27 #
163 51 |
150 38 H
182 36 #
167 24 #
154 45 |
24 35 |
101 52 ]
71 27 _
45 30 H
175 45 #
75 37 |
173 41 #
106 23 #
166 40 #
166 44 #
149 19 |
35 34 _
101 35 "
143 19 I
140 35 |
21 37 |
107 20 #
165 44 #
39 45 I
102 52 ]
146 43 |
43 41 |
166 19 |
58 28 _
38 28 |
34 44 |
148 19 |
77 45 -
79 51 |
95 51 |
75 30 |
182 41 #
47 30 \
111 33 -
180 36 #
151 45 |
43 29 |
174 41 |
42 32 |
184 26 "
146 20 |
140 48 |
64 27 #
111 34 -
138 37 |
116 46 _
182 34 #
101 40 #
61 31 |
168 43 #
26 35 |
71 35 |
143 35 |
35 43 _
75 35 |
58 41 _
173 20 #
118 38 H
149 38 H
98 42 _
92 19 |
176 27 _
179 23 #
113 38 H
103 24 \
182 28 #
144 39 |
178 49 =
139 35 |
172 43 #
23 39 #
103 44 #
151 24 #
167 44 #
140 41 |
113 21 #
183 40 #
69 49 #
149 36 #
177 43 =
19 30 |
111 46 -
41 37 #
143 49 |
187 33 a
66 28 "
21 34 _
174 18 "
109 38 #
150 20 #
73 38 |
139 30 |
77 40 -
178 47 =
183 38 "
143 34 |
91 51 |
131 51 |
152 40 #
158 44 #
58 36 .
109 22 #
36 25 |
143 51 I
171 35 |
165 25 |
107 42 #
79 21 [
157 19 |
108 51 [
71 47 #
82 21 [
67 42 #
72 25 |
138 31 |
102 47 |
149 21 #
58 29 _
103 23 #
183 36 "
175 48 #
174 43 #
145 43 |
173 38 H
58 43 _
68 43 .
69 36 #
67 45 #
59 31 #
85 51 |
182 24 #
146 32 |
100 49 #
35 27 _
179 49 \
180 48 #
157 30 #
158 39 #
32 31 -
146 40 |
39 40 #
8 36 \
172 36 #
105 39 #
68 49 #
176 57 =
72 40 |
2 35 M
52 33 /
154 41 #
164 36 #
151 25 |
98 40 _
157 29 #
13 35 _
68 36 #
41 33 _
98 17 |
62 25 #
105 42 #
148 35 |
98 51 |
136 23 _
182 22 #
177 34 _
109 51 [
17 35 _
140 36 |
136 39 _
112 37 #
116 33 _
43 24 [
165 28 H
21 40 |
77 29 -
99 30 #
136 51 |
71 51 \
23 31 #
106 19 ]
186 38 u
126 19 |
100 23 |
175 15 "
151 20 #
11 35 -
150 21 #
136 19 |
152 51 |
141 38 H
140 22 |
177 56 =
153 51 |
68 48 #
103 47 -
141 21 |
37 32 _
182 30 #
65 33 #
99 42 #
180 42 #
79 19 |
136 35 _
169 21 #
73 33 |
28 28 |
92 18 /
15 34 _
54 45 |
66 25 #
178 44 =
106 21 #
101 44 #
98 30 _
95 17 |
66 34 #
128 25 "
150 44 #
144 31 |
58 31 _
15 33 /
41 36 #
132 51 |
112 45 |
148 24 #
136 29 _
72 21 |
149 42 #
143 30 |
153 45 |
107 52 ]
23 33 #
101 45 |
153 25 |
152 38 H
21 31 _
24 41 |
110 44 #
21 30 |
114 38 H
182 19 |
186 40 n
60 31 #
109 42 #
186 33 o
179 43 #
171 19 |
156 42 #
184 50 "
151 22 #
64 24 #
150 36 #
138 45 |
127 19 |
180 33 #
93 23 |
102 17 |
99 41 #
26 29 |
147 41 #
141 33 |
41 45 I
140 33 |
96 37 _
77 23 -
136 26 _
33 44 |
141 40 |
172 45 #
139 36 |
77 25 -
172 42 |
138 38 H
32 42 -
71 43 #
183 25 #
66 32 #
102 19 |
96 19 |
177 49 =
104 35 |
20 34 '
108 40 #
164 25 |
101 19 |
110 20 #
19 41 V
172 41 #
37 42 _
43 30 |
100 36 #
127 30 "
62 32 #
156 25 |
171 46 #
72 24 |
142 42 |
141 25 |
127 27 "
74 37 |
142 22 |
178 37 #
74 23 |
136 49 _
112 21 #
152 23 #
63 33 #
68 46 #
155 49 /
182 45 #
