29
16 24 /
19 32 )
26 48 |
19 12 /
20 40 '
21 44 =
25 34 =
21 43 =
19 16 \
27 27 _
15 32 "
16 33 .
5 29 =
14 40 ;
23 22 |
13 44 ;
26 41 =
11 42 T
19 14 x
25 31 =
14 33 =
22 9 .
18 31 =
19 18 |
24 12 :
18 36 X
24 41 /
20 11 `
18 27 =
16 18 \
11 21 .
17 25 :
24 16 =
25 40 |
18 12 .
24 42 \
14 32 =
23 14 .
18 15 .
15 38 T
14 36 T
23 40 |
21 8 T
23 30 |
21 10 '
17 26 |
15 9 :
27 3 l
23 37 /
15 27 "
3 30 >
24 13 :
19 43 .
14 11 \
13 41 ;
17 44 |
16 44 =
27 23 :
13 25 \
27 46 _
4 28 |
14 24 :
19 26 (
25 17 |
14 28 =
25 15 ;
20 39 |
17 30 ]
21 30 /
26 35 |
23 41 +
16 6 /
25 22 ,
9 26 +
13 10 T
21 46 |
21 18 "
22 34 \
19 23 ,
27 10 :
13 28 |
26 16 :
20 44 -
14 43 ;
19 15 x
26 8 =
14 18 .
24 43 =
25 35 =
19 35 |
22 38 \
26 44 |
27 7 :
23 44 |
27 47 _
3 29 =
20 42 '
24 18 =
24 34 =
18 19 :
13 21 |
17 7 :
17 20 .
22 7 .
20 22 )
17 37 X
16 34 x
27 31 _
26 12 ;
15 43 ;
17 24 .
27 17 :
21 24 "
8 31 \
16 25 /
26 17 |
17 42 |
24 21 =
19 6 `
26 24 :
22 36 \
27 2 :
12 25 }
24 40 \
26 43 =
19 46 |
21 32 \
27 39 =
15 42 ;
27 16 :
25 23 _
19 8 "
25 6 ;
24 9 /
9 30 +
12 43 ;
14 9 /
27 37 =
24 39 /
23 19 |
19 33 |
17 23 :
27 30 _
16 41 =
24 20 =
21 37 =
26 2 :
12 30 }
17 9 :
15 23 \
20 19 )
24 27 =
10 29 }
16 7 /
21 28 \
27 38 =
25 43 \
20 16 /
17 38 X
17 18 .
15 46 /
10 31 }
24 47 =
23 9 /
25 45 =
19 45 .
24 6 \
19 13 x
25 36 =
15 25 \
0 28 .
20 31 _
10 27 {
15 19 /
20 12 \
21 14 "
27 26 _
26 13 :
20 20 (
18 24 ;
16 21 |
22 14 |
18 42 =
18 37 X
8 29 \
27 24 :
27 20 :
26 3 :
5 27 =
18 28 =
14 21 |
24 35 =
23 16 .
27 6 :
26 4 :
13 29 /
27 22 :
27 12 (
14 46 \
24 26 =
20 43 '
23 5 :
27 43 =
15 29 "
9 27 +
24 15 ,
25 14 :
26 38 =
25 7 "
18 38 X
15 18 /
13 26 /
21 36 =
15 41 ;
26 39 =
21 11 -
14 27 =
18 41 =
26 21 :
25 25 |
3 27 =
23 11 :
26 9 :
27 13 }
9 25 F
13 45 .
15 13 .
7 30 J
13 23 F
23 39 +
21 38 =
22 43 |
22 16 |
17 19 :
21 13 :
19 11 :
12 27 }
16 13 /
23 38 \
17 33 x
27 29 _
20 23 (
16 22 /
16 31 .
7 29 |
27 4 4
14 25 =
27 33 _
25 29 =
14 23 \
21 42 =
25 37 =
23 7 /
2 29 )
23 10 \
14 38 .
26 36 =
14 10 :
27 35 |
9 31 J
24 33 =
27 11 :
17 6 \
23 8 /
15 39 \
21 21 "
24 31 =
15 24 \
20 15 x
27 41 =
21 20 "
19 9 "
21 9 -
22 28 |
10 25 {
24 8 /
20 8 .
20 14 x
20 45 '
25 13 :
25 41 \
19 37 |
18 11 :
13 32 \
9 29 +
16 26 .
16 23 /
25 21 .
14 19 '
26 1 :
15 17 /
25 5 :
24 5 ;
23 28 |
27 49 _
13 42 ;
8 25 /
23 13 :
18 20 ;
14 41 ;
18 14 A
16 12 :
13 36 .
23 4 ;
16 40 |
24 14 :
17 40 \
7 28 |
17 35 X
19 42 .
11 26 }
6 29 |
27 25 :
13 22 \
25 20 .
13 20 /
19 28 )
15 7 .
20 24 _
22 15 _
16 10 :
22 32 |
16 19 \
22 37 /
14 31 =
24 36 =
26 22 :
25 1 :
20 46 |
24 45 =
19 21 ,
13 31 /
15 10 /
16 32 .
5 28 =
17 21 :
3 26 <
26 42 =
24 7 /
17 14 T
21 33 |
24 19 =
16 38 x
18 10 .
22 22 .
25 39 |
14 30 =
25 46 =
22 12 "
12 23 J
27 44 |
18 32 \
21 45 =
25 11 :
22 33 /
24 11 :
24 29 =
27 50 _
24 44 =
26 20 :
26 19 ;
25 48 |
18 33 X
17 13 :
12 10 .
22 17 |
25 28 =
15 20 |
26 14 ;
22 20 .
18 9 :
25 32 =
19 7 ;
18 46 .
18 23 :
17 32 /
21 26 /
12 33 F
15 36 x
22 26 |
23 42 |
17 15 7
22 35 /
24 3 :
16 8 :
6 30 F
21 40 =
15 11 :
17 27 |
25 12 :
14 26 =
25 27 =
7 26 F
6 28 |
15 40 ;
15 45 ;
18 45 =
11 25 {
16 9 /
16 37 X
19 30 (
10 26 }
23 34 \
18 40 /
3 28 =
14 39 /
1 28 T
19 17 .
27 21 :
22 46 |
12 28 |
22 41 |
18 21 :
20 10 :
23 6 /
22 25 |
11 29 }
18 6 :
27 45 _
16 35 X
18 26 =
14 20 /
19 39 |
13 43 ;
14 42 ;
16 11 /
14 44 ;
22 39 /
10 24 J
13 30 \
16 36 X
27 40 =
16 28 [
14 22 \
24 30 =
27 15 :
15 33 "
20 41 -
23 23 |
22 19 ,
24 28 =
26 18 ,
21 41 =
18 22 ;
17 8 /
17 39 x
18 43 =
10 30 {
8 30 /
27 32 _
23 46 |
15 12 /
20 25 )
16 17 \
12 26 {
19 19 ,
17 11 :
25 19 _
21 15 "
18 30 =
18 8 .
15 31 "
23 35 /
17 31 |
17 43 |
26 37 =
17 22 .
21 16 :
25 30 =
21 35 =
23 36 \
18 34 X
11 30 {
11 32 J
17 28 [
12 29 {
23 20 |
10 28 |
25 33 =
23 3 :
20 21 _
15 30 "
26 6 ;
17 41 |
24 22 =
27 36 =
18 17 `
11 28 |
24 48 .
16 42 =
13 40 ,
24 32 =
23 26 |
26 40 =
27 14 :
17 10 /
24 2 ;
22 11 "
25 2 ;
25 24 _
22 13 |
21 25 |
17 34 X
22 45 |
21 22 "
17 17 :
12 31 {
27 9 :
20 33 |
24 23 =
18 39 X
6 26 J
25 47 =
19 10 :
25 42 |
12 21 T
23 25 |
22 10 "
15 28 "
27 8 :
16 27 .
16 30 ]
27 48 |
23 12 :
17 12 /
24 37 =
23 31 -
18 44 =
22 30 |
15 8 /
21 39 |
20 35 |
19 44 =
26 11 :
11 24 F
15 35 /
27 5 2
19 22 |
24 17 '
21 19 "
22 23 .
18 7 :
19 41 =
17 36 X
26 5 :
24 10 /
11 31 }
25 44 =
23 15 '
25 18 _
20 13 x
20 7 :
18 25 '
18 35 X
23 27 -
23 17 |
4 29 J
8 27 /
21 7 :
26 10 :
24 46 =
19 20 |
27 19 ;
27 1 :
25 38 /
25 16 :
23 32 |
20 17 (
10 42 .
21 23 "
16 43 =
15 44 ;
2 27 (
14 29 =
19 24 |
24 4 ;
13 27 \
20 18 _
27 34 _
25 26 =
24 24 =
24 38 =
18 18 ;
12 32 }
21 34 =
25 3 :
12 42 ;
22 8 A
13 24 /
16 14 \
12 24 {
6 27 |
19 40 .
18 13 :
20 27 _
25 9 "
24 25 '
26 23 :
27 18 :
26 15 :
15 21 |
14 45 ;
11 27 {
16 20 \
26 7 |
21 12 .
27 42 =
15 37 \
16 45 |
13 33 J
14 34 F
15 22 |
16 39 .
23 33 /
17 45 |
7 27 |
10 32 F
15 26 "
21 17 |
9 28 +
20 37 |
25 4 :
8 26 \
25 10 :
27 28 _
4 27 F
25 8 "
