HAL_9000
5
4177430   2
4514558   2
4211713   2
4211651   13
4611705   7

WALL-E
6
4514558   2
4211610   1
4211651   35
4611705   12
4495930   5
4211866   12

E-type
7
4234240   8
4211866   3
4495930   8
4211651   96
4611705   2
4211713   6
4552347   7

Design_4
5
4211610   7
4234240   11
4177430   5
4211713   6
4552347   10

Muira
5
4552347   9
4234240   5
4211713   7
4514558   12
4211866   5

Optimus_Prime
6
4514558   5
4234240   11
4611705   6
4552347   10
4495930   10
4177430   6

T-1000
7
4234240   11
4211651   29
4495930   9
4552347   9
4211866   6
4211610   87
4514558   10

Enterprise
9
4514558   7
4234240   5
4211713   12
4211651   44
4211610   49
4177430   6
4495930   1
4611705   8
4552347   7

